,predict_value
0,11813.742444343094
1,7121.932029543217
2,7852.9100935114675
3,8576.002576491675
4,8514.064547602471
5,5923.469430292701
6,11183.45094709999
7,6264.559445805545
8,5552.734332237879
9,6086.915957370239
10,11310.242478037448
11,7242.182633499136
12,4875.031964162429
13,8968.717823120496
14,5385.787602681516
15,10380.385443547138
16,11374.612952606747
17,7375.680374103522
18,5704.441656048928
19,10118.236468127187
20,10168.58746184411
21,10220.51614399234
22,4997.704580430919
23,6247.515597902369
24,10845.701541221963
25,5476.377248695217
26,10309.973282929972
27,10180.876025238325
28,11775.159022080665
29,5712.359571174551
30,8639.480353360941
31,11906.095246624263
32,7880.405225545475
33,4774.555537855302
34,10016.458816750988
35,7461.952129030679
36,6059.703555270868
37,11253.824621351223
38,10097.759313209986
39,5510.101387770586
40,5706.095145535674
41,10448.459994008415
42,6410.251212945507
43,7597.398159914499
44,11416.81695853027
45,11739.244812773366
46,12395.746105940898
47,10369.120676011857
48,9707.284444283036
49,8256.959167437328
50,12680.399114469745
51,10230.840915443621
52,7856.592489563712
53,5487.984805901594
54,10340.653511677021
55,7363.210379943737
56,11011.36282601773
57,5655.077987140537
58,11854.05080008302
59,10525.691907676155
60,9762.979971946035
61,10477.445333625474
62,11412.09082453041
63,10462.514031899784
64,11026.714502149258
65,11700.374840982191
66,7152.597246577821
67,11451.343666809104
68,7170.442822788093
69,7797.711302051315
70,10535.522857735497
71,5988.629264965087
72,5612.215320604722
73,10770.252825672664
74,8587.5498205781
75,10888.19009328388
76,5594.198797385045
77,9956.179858606505
78,11330.77188319918
79,11667.379346756172
80,11661.197857905434
81,11512.123524901484
82,5647.27398272758
83,10228.549208653933
84,6773.725711688981
85,8113.430795783131
86,10586.93506313274
87,10150.980974995598
88,5175.110922128598
89,10041.903436340868
90,10049.325619457712
91,9670.718372711206
92,6029.639142870424
93,11054.097499430152
94,11380.847922751742
95,11982.263387560051
96,6977.732547218311
97,11586.485482730677
98,5921.550110623658
99,6098.211790208933
100,10293.722669235787
101,5650.195994443488
102,8324.047294675529
103,7578.051295131246
104,10904.726146407938
105,11889.059948724529
106,7602.591945335922
107,10564.502853659458
108,7335.767283452027
109,10317.031974267162
110,11470.683616595408
111,7082.659660062725
112,7049.69750536238
113,5391.9246165482255
114,10289.290925663936
115,6593.821931964806
116,10568.268195192482
117,11150.813642967001
118,7778.843944874276
119,8540.520436813054
120,10404.561705821026
121,6747.491793196788
122,10557.149952977792
123,11229.809001267355
124,6723.207933139451
125,10886.878853354927
126,10718.295923364502
127,11412.901198207604
128,9912.710411822165
129,6887.316224270844
130,11965.779747201484
131,11410.676963314241
132,6108.185399139141
133,11151.15087911025
134,11228.112708666418
135,8954.722170686971
136,6284.744974587018
137,9289.002119582343
138,10054.436477439373
139,10354.217588113012
140,7981.58507878384
141,10331.269227325467
142,11974.365762804646
143,10289.631662829619
144,7855.445570943669
145,7638.042014744545
146,10058.747486560478
147,11208.95881604163
148,6169.431908467963
149,11480.576479438254
150,5230.370637434789
151,11560.217214484805
152,11031.131565657613
153,11692.794902892603
154,10663.841761663076
155,5088.166521389461
156,8399.630615906164
157,5331.392706698308
158,8074.801174086772
159,7544.203443440828
160,7599.500283420147
161,11039.165028002659
162,6914.347632558028
163,8160.3538128281825
164,9983.018845562594
165,11837.722129066853
166,11919.914824252455
167,6865.270829206483
168,11652.927761126006
169,10874.234683716342
170,10452.377803571439
171,11474.550987061732
172,12514.96020132119
173,11484.161090394391
174,10414.804629625683
175,11129.978788962115
176,10343.589635418213
177,11361.504599640517
178,7165.21806593066
179,10363.744737035897
180,10048.701433296454
181,5167.32328879579
182,9884.96019464342
183,11786.956358489362
184,11274.409852445497
185,8203.459338401584
186,12049.721753107442
187,10238.404027331868
188,5086.643851248829
189,11592.530959617221
190,10439.929127759584
191,8214.605763540643
192,4710.639435304664
193,8984.777726263468
194,10596.259669886207
195,11617.731219676632
196,11826.6704699382
197,6620.554420253536
198,5405.124521786818
199,10435.353765726275
200,10632.062626748775
201,10413.687305426603
202,11129.340352731599
203,11121.862473877143
204,6973.811908245351
205,10876.427847355983
206,10069.601063238919
207,10431.589441294012
208,11422.273208413077
209,10761.252548546596
210,5390.568238817482
211,10595.357729187384
212,9465.992819317316
213,6916.644218892964
214,10741.662283907372
215,5341.0706256190815
216,10292.610483158798
217,10579.37777692853
218,8034.257988466096
219,6396.239141611302
220,10184.930633575646
221,5053.620792553267
222,10228.473579663347
223,5708.945711070262
224,10466.576110747983
225,6777.6910297849745
226,4545.363372021771
227,11622.833016249748
228,10167.630374540558
229,9483.301692904965
230,6206.814652598284
231,10534.352373034713
232,11170.344725580031
233,11628.690005350418
234,5978.392233220898
235,6655.363605038866
236,10195.221525896352
237,9693.102938519281
238,5444.565811219901
239,7972.600426096092
240,7618.634256364422
241,5376.48550943415
242,5579.954994875148
243,10090.816597242148
244,10580.999986920258
245,10343.52184894629
246,10909.89343326586
247,11629.696636859127
248,11265.22919915058
249,11776.149674597034
250,4604.949681411968
251,6100.709870846809
252,11002.166966647308
253,11556.708717104022
254,10694.966934457867
255,11590.892681310337
256,5161.00799696072
257,11161.713394513987
258,10297.222217209139
259,11326.183820164732
260,6802.499827597475
261,10110.244284665287
262,10421.77473650306
263,6614.410200393818
264,6789.992042347574
265,5496.018155591398
266,6238.693173771839
267,10866.251404171615
268,11161.540205160158
269,7213.3142016335705
270,4730.058126496292
271,11280.347890129673
272,8439.890514974806
273,11347.011292800515
274,11138.986116055921
275,4585.640707508415
276,4910.1746857623875
277,6259.806469667372
278,7357.722005029651
279,4984.842603957829
280,6897.71639676776
281,11330.4152366599
282,5833.065959581162
283,9793.54955964291
284,10515.154781685333
285,7205.518063152203
286,10342.97841037461
287,5979.551969229473
288,10259.108579795895
289,11260.511963041787
290,6851.936309739257
291,11798.422610960468
292,5882.564197981818
293,4340.773453758522
294,9917.100382934601
295,10490.130755591561
296,8625.77143457274
297,11085.150285719614
298,10622.846927202794
299,6287.117180827983
300,6827.676595543991
301,10035.293570550079
302,11179.513305188622
303,11652.712430935962
304,7698.826218153769
305,9103.417394544447
306,11198.218120758644
307,9969.456812669092
308,11077.888596842462
309,8606.996288902059
310,7274.433085084253
311,10024.21550400027
312,9284.578587020278
313,11154.932084371201
314,8306.137985573285
315,9790.343504979863
316,11239.578238860819
317,7119.7680111399795
318,11263.395146133511
319,6382.060898031092
320,9831.52129509972
321,8795.714237569751
322,10559.161222751056
323,10961.4679733419
324,11562.038550295849
325,7119.473812624249
326,11309.458604492642
327,5757.489105157179
328,5206.072104468517
329,10810.183775503658
330,11221.745387273968
331,7580.282914113076
332,10598.379362969737
333,6495.231384480462
334,11552.451080304698
335,9148.91274305718
336,10115.521526100038
337,9932.43922868234
338,11265.22919915058
339,11064.449233410982
340,11264.82010950864
341,6858.4975641575
342,11083.432915583038
343,10430.203233450795
344,6926.592405579728
345,6374.1924757168645
346,10498.947979236164
347,8045.203811013309
348,7356.068711057517
349,10431.358960109003
350,10408.693498986298
351,9244.129312227466
352,5454.985763694205
353,10227.113212661367
354,11109.69635397617
355,10451.6920361887
356,7319.6457102632285
357,10440.134659386536
358,11101.18930242836
359,4610.966179757264
360,10099.720005438989
361,6660.576140256851
362,10207.182988898363
363,11346.420286605953
364,6421.972602570534
365,9800.037373073976
366,11418.582378939505
367,6060.045225864971
368,11113.109656357883
369,8286.384907196523
370,6632.403402986789
371,11013.558868338445
372,4801.769738036993
373,10282.797004586497
374,8360.977513476515
375,9984.141315048457
376,10029.358402326996
377,7435.213539392961
378,10472.5435935053
379,11290.564316023056
380,10253.816733035113
381,10866.251404171615
382,10854.085284270643
383,4429.24052463829
384,10538.5266093623
385,6322.9145168477935
386,11238.474434344593
387,11568.68399415748
388,10297.029735941307
389,8698.686495434878
390,11492.851857531086
391,11461.446766314515
392,5969.602494778374
393,10052.8231591683
394,11056.493515986487
395,7375.680374103522
396,10459.828978179281
397,5699.804414720948
398,6614.035514889377
399,12004.459683106526
400,10600.173088172305
401,7278.490637908311
402,8084.665324212848
403,11175.25339386005
404,9501.640578016451
405,8499.78570354389
406,7546.057908306704
407,11092.961472906363
408,8422.227585837118
409,10054.06318331309
410,10987.530114044972
411,8812.39288333305
412,7011.561702333427
413,6489.732402372315
414,11744.290689445072
415,10462.09989350938
416,11251.655723346847
417,11737.385836303394
418,6872.661513394256
419,6315.380773943311
420,10630.291536907022
421,5887.430145376144
422,6469.724414586931
423,6985.364298220981
424,9348.300154259266
425,5344.2143240547775
426,10094.056497064661
427,10917.100374106803
428,5500.723193123742
429,7402.611960957319
430,10030.816480763988
431,4467.617062332938
432,10361.786997863284
433,7184.7090042180735
434,11805.349320298808
435,8993.004768412433
436,7239.979110793685
437,5285.0629178396575
438,9029.874919892023
439,6160.174146534134
440,8462.795065600672
441,5295.490549014688
442,5124.607570646944
443,11093.421497583244
444,8644.198080335133
445,6943.619971952112
446,5986.353106482981
447,7589.765064192295
448,11526.138422046006
449,6124.734670362113
450,10386.74373940363
451,5489.320835837918
452,11388.967033488065
453,9044.482560515093
454,5109.98657343806
455,11772.474777834019
456,10578.711041412062
457,11290.125288415296
458,6826.681620887632
459,10571.58686492308
460,10529.088836859926
461,12374.033617090667
462,6450.95113414248
463,10110.386549104376
464,11103.001551588359
465,10199.844567934528
466,6292.4540518666645
467,11137.61097141252
468,11330.4152366599
469,7247.378752088141
470,8533.807262936683
471,7335.029472536938
472,7447.64714756117
473,11388.810951891981
474,9795.586844547233
475,11378.525248492959
476,10139.75160165307
477,8582.485398185298
478,10227.113212661367
479,5660.9155037720475
480,11901.689374998974
481,11453.196245446845
482,6917.976540612919
483,5796.319554342524
484,4845.381167237581
485,11241.724986171683
486,11629.450727765594
487,7669.8785595991785
488,12150.65982864728
489,4556.0158299707855
490,10401.61276651587
491,8603.99468696042
492,8435.706067817266
493,6331.386891780445
494,10891.529987780747
495,5539.882024672084
496,8380.095370959267
497,11171.398171196282
498,11091.006951292538
499,9923.185318969276
500,6904.985742582684
501,5910.472170049771
502,5619.917247708606
503,10918.18193695446
504,8657.986644537099
505,7066.453409337217
506,10166.047034747313
507,10318.760656955603
508,10793.635419408722
509,10839.599454997904
510,11966.342759787993
511,6761.037991292662
512,8265.849558618025
513,11123.322861077208
514,11445.588230418118
515,7080.580867391266
516,10759.520277256455
517,10199.889586074365
518,6772.721241064256
519,7172.203324377981
520,10002.491163735063
521,5078.05028780606
522,10390.399255511678
523,6347.659848472197
524,7678.462815296197
525,8756.06741075381
526,6952.996070128917
527,5735.1451888550355
528,10985.29252562692
529,7036.302228180499
530,6742.618317317519
531,4760.280664944376
532,10323.191517919036
533,10952.708867656098
534,10401.806314308164
535,11447.456230838829
536,8851.574126215923
537,10167.865107198944
538,10515.081367709607
539,4916.744917011639
540,11217.113010277477
541,8788.551475212693
542,6498.987870256287
543,5928.716430336571
544,5398.565075498265
545,7281.899057893767
546,10387.337595338331
547,8465.51362222456
548,8431.625456234822
549,10068.891839698013
550,6098.401295537691
551,7208.413784918139
552,11870.465964617882
553,11935.036139265481
554,10982.92536248825
555,4454.2519594481855
556,11347.011292800515
557,6075.677598368557
558,10620.838607970845
559,7447.905672822871
560,10207.298636432373
561,11410.800647458283
562,6917.126058600428
563,4596.650234368632
564,7409.349452985332
565,7287.807194613472
566,6173.655385423316
567,11249.924829235539
568,5928.618418833639
569,11750.479759533946
570,10148.858644983937
571,8792.29263477218
572,11336.880419109139
573,10599.927179078772
574,9773.598926213182
575,11444.328178312506
576,11065.53862267361
577,11081.11765973623
578,5735.331784285893
579,10059.901925356298
580,11344.413716018562
581,10286.133042004192
582,11324.43825945607
583,11495.676112140052
584,7856.592489563712
585,6063.975491821785
586,10587.609602634479
587,11839.287506920979
588,8140.352632730956
589,10193.867205861421
590,11863.602004306002
591,9129.087100046627
592,11332.947162677792
593,6107.2594771995755
594,5767.359821506871
595,7604.977074419061
596,9948.713238373548
597,11670.26784932792
598,11478.465946884584
599,11756.067585776238
600,5587.154799636275
601,9924.549192094695
602,10295.553248402191
603,10613.512436356523
604,10935.338392438027
605,10760.745846315578
606,7876.638457481754
607,4968.733496281041
608,11133.95622551042
609,8412.430449308089
610,6700.134707863409
611,5387.657713009778
612,11229.27913017845
613,5986.353106482981
614,10833.565259683966
615,8718.812601165853
616,6546.275715087596
617,11347.992068096166
618,10987.26892522087
619,5980.098644322248
620,8572.84006363776
621,10443.235445298513
622,6770.054260036198
623,6910.222076607852
624,5212.812172370538
625,11932.191605382013
626,5495.399399417891
627,11380.86062131679
628,11293.704740506846
629,11464.873381738938
630,11010.639055082323
631,6268.716749622426
632,11443.3919873626
633,7989.156078544699
634,10743.530477658325
635,5525.314695430978
636,6366.038321593335
637,11883.917577385093
638,10251.357341261739
639,10623.82732435728
640,7651.536274711801
641,11154.920642412195
642,5891.536123512809
643,10958.745515050552
644,5509.410460612539
645,11541.546999084247
646,10428.681915232988
647,11217.937716330503
648,5445.278300150228
649,7816.7379789251345
650,9552.479437041187
651,4761.868324256157
652,10033.239151064072
653,6035.998403002117
654,11442.922545383319
655,11451.332539686482
656,9840.059141950802
657,10277.421469568137
658,8921.75154025248
659,7158.800305323687
660,6997.076495156042
661,4862.012574825986
662,10394.62310901741
663,11099.895374966418
664,11437.591519908156
665,7886.815927177735
666,11213.748145495483
667,10972.236102268585
668,10686.468610877982
669,11242.935959943623
670,6015.733895750108
671,5834.361516828733
672,7424.287360045961
673,10345.023542458472
674,4663.086168987389
675,8606.996288902059
676,6475.9976987578075
677,6944.585691001904
678,6337.489338737814
679,7332.809932095085
680,11472.975098946783
681,9875.87679598712
682,7230.87667331148
683,10010.31575151166
684,11628.404960573436
685,10722.161683673574
686,10705.59206290366
687,9722.692038411387
688,11435.580738319717
689,5750.671686449392
690,10409.482817919885
691,11078.12467341457
692,7074.583925547677
693,6709.42644230575
694,8222.708207534744
695,11060.30605680665
696,5744.418439543757
697,6725.022244803874
698,10441.632082960748
699,6344.30860882846
700,11500.712256447876
701,5805.224960925148
702,9758.71986862963
703,9967.074158874386
704,9268.457013831481
705,11145.445421702725
706,10481.931488216766
707,10349.691134493954
708,11084.163461614524
709,6367.882736561804
710,5512.2710253564155
711,11054.277715421647
712,6439.6806732687955
713,11982.407159186581
714,6906.890330597011
715,10300.033836644192
716,11072.143661989547
717,10771.840905609213
718,6087.583277798544
719,6916.80552873899
720,11072.801455815674
721,11617.11880153196
722,9340.932652365185
723,5697.260247874351
724,11199.064337749247
725,7110.265169901504
726,10222.503727534315
727,8208.734228556474
728,5128.913086028289
729,11287.555675507876
730,5664.101241563804
731,7581.124231538399
732,5922.482170738077
733,10419.295336870078
734,11370.783129634783
735,10656.440924300432
736,7794.043190760266
737,10559.311705842343
738,5301.2792432503065
739,7546.333326479248
740,10614.249307811386
741,5089.635429308771
742,11738.51088038468
743,9697.70233753101
744,10071.492924725562
745,10957.335450382065
746,5787.25820245601
747,6759.822310868908
748,5005.548200874764
749,11573.61118889448
750,11341.710459359805
751,6916.165466849522
752,5073.792383664925
753,10455.868713543932
754,10118.667797499375
755,5458.64447944979
756,11337.97987385746
757,4727.352488682471
758,10339.381869037741
759,5267.080069946167
760,10260.491088770523
761,10487.848329365937
762,4322.1362920728825
763,6587.603805237085
764,5858.3546116188845
765,10709.591506307333
766,10125.669170483521
767,8987.337889566894
768,4658.341629024808
769,10761.42361642355
770,11801.65715904741
771,5921.7353601009945
772,10926.840475576328
773,8283.442524649028
774,5689.334514573339
775,11656.844345384065
776,11337.97987385746
777,11460.97067057887
778,11663.382347396126
779,11560.881836853654
780,11580.489638536901
781,10157.340249317514
782,11330.060376376012
783,10886.766351989274
784,5671.0013392564915
785,7089.5687745517935
786,5612.633742595921
787,11901.372582854949
788,11527.161134266
789,10165.336391335546
790,11415.15098511055
791,9200.59538976429
792,7059.787408892732
793,11018.243166721866
794,10157.135325604862
795,11162.206512449899
796,10487.730744988672
797,6014.152084898018
798,9780.86600476179
799,5802.160667285059
800,7687.247333495143
801,10974.479569207948
802,12175.48956573392
803,10908.507281461356
804,9977.496978341587
805,7787.720344650296
806,7234.72701594885
807,8134.684401060423
808,7311.462908996109
809,10140.603635685424
810,11676.017446636113
811,7052.20960682732
812,11057.765821193327
813,8851.848406865962
814,10886.679796264072
815,5327.306126843466
816,11577.686109075583
817,11129.503225693252
818,6012.169299170127
819,12019.646057506889
820,8912.40828182183
821,11841.482927699995
822,10635.718667626246
823,10528.471205031296
824,10363.62040850988
825,8462.134014819629
826,12103.711922847202
827,5779.894534589144
828,11525.305912862661
829,11319.415847431781
830,11250.418704119404
831,6708.442127705169
832,6821.98479281904
833,5534.991401091007
834,5949.395439846738
835,11503.77223879857
836,6242.399160708366
837,10238.904521993954
838,10622.497815845923
839,10733.25466845333
840,7055.863266631396
841,5796.98495705644
842,10126.995573812988
843,11077.888596842462
844,11837.400869534551
845,11398.582236645914
846,5683.581644813212
847,11102.990109629352
848,11161.713394513987
849,10514.76180232008
850,5356.098740340132
851,11883.917577385093
852,7126.470104702978
853,10489.404180400106
854,11780.028837740869
855,11374.359400907757
856,6107.57397042087
857,8664.862800740915
858,11061.990068295016
859,8572.84006363776
860,6751.227306349839
861,10240.755930148349
862,11750.786449369902
863,12189.153535644873
864,6380.655481559295
865,9560.508853581992
866,11498.390180532915
867,11179.941976969458
868,9928.453487285287
869,11887.299425217407
870,7488.527932962154
871,6215.699645838942
872,6861.4026567185565
873,6336.68714000366
874,9802.944405487226
875,5813.403364217515
876,11406.549524174889
877,9891.77647666755
878,11366.622955846518
879,7367.87386299701
880,5093.517309181373
881,11287.038618303792
882,11635.735885881008
883,11361.399425485064
884,6355.885774450035
885,6237.917323650896
886,11148.558396634313
887,10030.507243691733
888,7137.647802996939
889,6265.236413228263
890,5768.452400605484
891,11252.428541646597
892,11855.147930773715
893,10320.063001837121
894,10598.170204899037
895,6798.5075177795015
896,6430.325135107935
897,7278.013052336292
898,10996.800319433843
899,11391.868800702896
900,7867.074136745794
901,11190.41636924361
902,11357.436579900093
903,10735.208001546365
904,11946.103201775159
905,10192.22656371933
906,10620.8589590306
907,10118.679007382612
908,4761.868324256157
909,10903.354002152071
910,10769.285792635423
911,10608.34930521211
912,10670.19592752012
913,6786.871497006177
914,10046.7056223731
915,10267.276226988284
916,5902.121316630515
917,7731.307033162102
918,5891.744560795526
919,4785.711041740119
920,7289.659120400708
921,5747.000199858333
922,11636.651576652715
923,7738.632885049579
924,6016.95192927128
925,11155.309585453666
926,6163.796627706527
927,6234.182353166963
928,11296.700638047194
929,10926.840475576328
930,10075.043434364856
931,6463.804718990447
932,9046.9573306756
933,6689.932338472522
934,11319.38359000661
935,10588.4541572028
936,11443.861568660584
937,5464.465532243242
938,10613.991704417193
939,6519.686514201186
940,7395.78308386579
941,7897.855552621144
942,11114.860308076055
943,11886.46688590546
944,9015.963194394228
945,9348.300154259266
946,6485.845987775729
947,10349.40275781453
948,5785.8150135062415
949,10881.896629128021
950,10759.595301305906
951,11315.460394143956
952,9949.328511214455
953,11502.784921160168
954,11040.525039259637
955,5723.020462420594
956,7679.528222335341
957,5684.857639279546
958,5530.6511676144555
959,11160.16890529335
960,5866.038743875463
961,10070.497258346299
962,10923.905360195226
963,11088.234083597867
964,6288.820087388693
965,6265.451158123653
966,6690.931144359609
967,6469.772364564366
968,5712.3100945610395
969,10136.585300970242
970,11503.702027989764
971,11003.908042755456
972,9101.771907621796
973,11541.146451650187
974,7182.7964831660065
975,9917.673076823055
976,10349.045536970576
977,7097.8145359318205
978,10191.794340946582
979,10523.983667555087
980,5750.678419014818
981,11803.981646003545
982,11284.0037639983
983,5823.55797772053
984,10702.595899358052
985,6283.459445640723
986,7052.008211338199
987,10256.332178078714
988,10223.451001783065
989,6219.769240618989
990,4770.0932493185655
991,7223.366924232239
992,6954.274714511702
993,4862.012574825986
994,11033.714633010104
995,5814.320015191657
996,10887.921374369878
997,5951.070201288313
998,6328.875988680046
999,7726.943402499216
1000,5581.947181755296
1001,10758.921617597287
1002,11486.226490982248
1003,8487.934269140827
1004,10626.594317020636
1005,5424.022421146324
1006,10551.549869655932
1007,6119.40789718567
1008,10536.927064888185
1009,11059.38955767464
1010,11167.184239328355
1011,10207.008108681865
1012,7256.9346031092555
1013,7346.598956868353
1014,5602.178043490724
1015,7134.186677768068
1016,6488.835323112987
1017,10456.572647067016
1018,10401.806314308164
1019,10236.933713114577
1020,5780.991173328778
1021,8604.239970216899
1022,5748.1696968045835
1023,6780.360811110648
1024,10178.296545312736
1025,10166.590313466546
1026,6050.607952961064
1027,5159.628319992001
1028,10506.878213604621
1029,10194.241691423205
1030,8668.056632808042
1031,6096.967709604659
1032,7219.6310108290445
1033,10561.920939230951
1034,11083.05384316522
1035,11435.580738319717
1036,12081.036648290776
1037,7134.435420072732
1038,10712.376629921888
1039,11265.576206842004
1040,7773.038422756922
1041,10324.88248673479
1042,6080.543545762882
1043,11017.130387398229
1044,6977.351945318965
1045,6058.342319304261
1046,10812.616108983628
1047,10233.472252345417
1048,6331.386891780445
1049,5911.670393566233
1050,9009.986478561417
1051,8752.428201182309
1052,7277.29817822395
1053,6793.812602973771
1054,8186.4476529886615
1055,11154.920642412195
1056,7489.139158005757
1057,11417.439073509915
1058,6400.768024383809
1059,10023.394943660609
1060,5706.711076282381
1061,11362.12306966417
1062,8241.27512342513
1063,11527.171697018235
1064,10063.784250425393
1065,11295.766222790002
1066,10157.390225002468
1067,10282.682677433022
1068,9891.034487023087
1069,7910.20859371671
1070,6187.060207940067
1071,6612.422500182987
1072,10049.574204099943
1073,5920.465276800194
1074,6979.846166138787
1075,9977.43681800025
1076,6721.173631307857
1077,4410.603362952652
1078,10402.835977540753
1079,11568.064279126527
1080,5848.518175132902
1081,6065.193225699657
1082,11276.03522463359
1083,11582.88779855633
1084,10227.52152452198
1085,7190.893545141714
1086,11549.754770917858
1087,5550.247510707882
1088,8465.51362222456
1089,5745.704681208964
1090,9522.75734381555
1091,10598.49592365645
1092,4495.182118615781
1093,8140.90521408636
1094,9946.691718791637
1095,5600.934932060447
1096,10539.619530385986
1097,6016.044711392738
1098,7389.118519135255
1099,5713.397137305204
1100,4536.068844440073
1101,5298.597894887657
1102,7726.943402499216
1103,9615.626880013295
1104,10557.064103177188
1105,11669.362782101814
1106,11598.504352104963
1107,10457.587746891626
1108,11601.057498457956
1109,4954.953326642651
1110,11639.361617082282
1111,11266.497864939605
1112,4896.5220289220315
1113,10765.430626541609
1114,8952.36538457936
1115,9157.309353376848
1116,10294.972150661913
1117,10346.7395553557
1118,10750.335477176166
1119,7776.193237448694
1120,7909.874750036695
1121,6532.871873459425
1122,8717.446190156767
1123,6382.0246673121055
1124,5829.382362856306
1125,10817.839139143678
1126,6699.809049662892
1127,7610.656036963263
1128,11921.545899685769
1129,6143.296585980605
1130,11555.50147468985
1131,8302.537253252494
1132,5296.833491004999
1133,6622.172538670741
1134,11213.758536587231
1135,11381.89314381224
1136,5863.213459206616
1137,9868.731376268579
1138,7001.48587140978
1139,5373.010565803139
1140,10090.42285682422
1141,6422.791392203454
1142,11152.72922122056
1143,7737.638359400959
1144,8039.488435312983
1145,9940.211254069096
1146,8639.480353360941
1147,10821.775922004661
1148,10024.00158129058
1149,6921.881375462509
1150,6311.689830764284
1151,11937.387806071585
1152,11594.719614908532
1153,11867.573057464118
1154,4821.398570309933
1155,6297.625182659244
1156,12211.435948419998
1157,7051.669196355528
1158,11815.345806680856
1159,11596.822951062342
1160,10323.366747328606
1161,10320.736345282457
1162,5540.930233493629
1163,6101.782232164506
1164,10762.11402292616
1165,8941.504017404215
1166,5839.202574021519
1167,10034.079878585224
1168,10209.21783075166
1169,11526.138422046006
1170,11524.251591563507
1171,10643.759344785092
1172,7088.838939190059
1173,5790.893923410647
1174,10561.90979084039
1175,7186.143741921841
1176,11454.560959953764
1177,9600.97974461197
1178,10099.050538509731
1179,11288.004257286659
1180,11223.132167356645
1181,6716.607155240355
1182,10084.09073733058
1183,10615.7212011966
1184,7352.7659727093
1185,8567.548119736515
1186,11900.501131454334
1187,8114.461512970815
1188,7551.303139656793
1189,7459.515157394009
1190,11170.472500199789
1191,6211.359060165508
1192,7311.462908996109
1193,11235.198667489614
1194,7605.364565815579
1195,5746.1084843033395
1196,11226.262786746443
1197,6678.724212763774
1198,6233.8272263775125
1199,11273.122802026095
1200,10835.213708075347
1201,7398.657344632041
1202,5564.8708344116385
1203,10390.703449451943
1204,11563.166303677088
1205,11195.23942572891
1206,5771.753210799905
1207,5293.507604494943
1208,11040.422084874774
1209,5971.283234728323
1210,10153.431616776736
1211,6328.121443574479
1212,10466.225085440137
1213,11497.413208268967
1214,6546.940722112458
1215,10901.369340932932
1216,11710.067665929939
1217,10557.149952977792
1218,5931.218023270842
1219,11378.27753324173
1220,10890.548761005337
1221,5306.216539567285
1222,10171.099282256888
1223,9903.083721113213
1224,8370.297053054275
1225,10408.670601436032
1226,5836.0225566552235
1227,9983.441857101232
1228,10333.664487738843
1229,10771.840905609213
1230,7896.054002763251
1231,6233.082991836305
1232,10343.596791083088
1233,9765.547649268523
1234,11586.410600471687
1235,11366.377442499539
1236,10584.264855533096
1237,8213.14613658311
1238,7364.055702162015
1239,10281.009164057592
1240,7799.168701218565
1241,7841.968464132188
1242,9874.958902055725
1243,11487.695951376758
1244,11737.425943445904
1245,8148.97433044701
1246,11354.694935936921
1247,7780.482026309779
1248,10256.70304575504
1249,10410.322608052073
1250,11576.625379679379
1251,11241.73556894619
1252,10608.604674252989
1253,11382.914303194046
1254,10812.616108983628
1255,10631.524440222045
1256,11659.406459345426
1257,11317.618290507768
1258,9915.814927707459
1259,4523.534215658214
1260,6728.983692950235
1261,10934.587382837024
1262,7662.038913242031
1263,6263.288076995994
1264,10479.764198233423
1265,7903.4394777276275
1266,5646.678117975267
1267,9373.95881273691
1268,7273.8054530162
1269,4644.697841327174
1270,10465.10651437572
1271,10427.514832774474
1272,11488.997673455178
1273,11023.887429032271
1274,5518.586317191485
1275,6095.681467939452
1276,5273.488172650425
1277,10438.924149993452
1278,11131.388539016545
1279,7760.6975796964625
1280,11864.49223055138
1281,10210.701389186626
1282,6594.227396032836
1283,11623.308827757393
1284,5511.34010201285
1285,7406.077093717894
1286,10304.328947679725
1287,5932.816086351914
1288,5179.851208081608
1289,4767.695807681645
1290,8883.405181535913
1291,10298.333376326425
1292,7015.672304756837
1293,11042.943234663364
1294,11488.997100830517
1295,10104.462488974104
1296,6993.133255623692
1297,7893.529592470119
1298,11853.853089334229
1299,11328.767970481884
1300,6373.4082833363245
1301,6455.841967847905
1302,11738.95797904004
1303,5585.006245582317
1304,7040.618974498745
1305,7766.3154186464235
1306,9842.604177465728
1307,7161.789402695859
1308,11282.065558675142
1309,10434.837935958109
1310,11184.735080374368
1311,9943.512016825985
1312,11377.89599216103
1313,11175.829503677367
1314,6109.892681087943
1315,5016.889167581467
1316,5216.562700326405
1317,11382.218567916798
1318,11310.790478425246
1319,7377.115627064052
1320,11370.740564580845
1321,10303.456287040563
1322,5744.204764902318
1323,7345.159757884521
1324,5146.041454340604
1325,5655.951368663988
1326,9363.673583001766
1327,9800.538101405453
1328,4947.913262764326
1329,5564.337669922407
1330,5921.30563602135
1331,10328.42536584297
1332,11255.176122196037
1333,4929.788729232868
1334,10328.760006737284
1335,10977.963246912352
1336,6917.015428068184
1337,8892.864359364434
1338,5253.59073245679
1339,10789.421233769419
1340,7384.752097511726
1341,7229.955502486128
1342,8617.502351384808
1343,6389.859992866682
1344,5387.711949486564
1345,10977.753485802192
1346,11408.597450421294
1347,11596.226943124024
1348,10502.509324123965
1349,10257.707322722115
1350,5620.815205176362
1351,10807.056371184368
1352,9983.57472750924
1353,10038.469088011105
1354,10718.557126816857
1355,11607.06689834271
1356,6087.004082003043
1357,7359.438601943102
1358,11249.689084479473
1359,6554.506090993537
1360,11249.689084479473
1361,6447.935358452227
1362,10294.792308026063
1363,11697.455996028148
1364,10594.423490864114
1365,10577.46714115527
1366,11445.711064443074
1367,5577.17026041432
1368,8995.43018031287
1369,6610.749342716916
1370,5785.744398916847
1371,6406.208664111265
1372,10342.187383987544
1373,11030.816150432414
1374,11218.099834382567
1375,7564.14604801093
1376,11015.766881072062
1377,7414.862279433513
1378,11167.805443934045
1379,6003.25511943368
1380,11921.545899685769
1381,10546.2383527739
1382,5116.707880566886
1383,10914.517944397878
1384,11753.84471044297
1385,10006.134628904701
1386,11490.743140604467
1387,11641.330362034952
1388,5229.057336598117
1389,6522.376936929522
1390,10674.24366603114
1391,8389.908716100279
1392,9867.117690301318
1393,8679.925162593454
1394,4660.695328299569
1395,10834.846474404858
1396,11560.996544078189
1397,11265.862298725136
1398,4653.78720990591
1399,10691.835501504125
1400,11457.570508148723
1401,11598.504352104963
1402,6154.416374469694
1403,7199.376426629238
1404,11275.566560464498
1405,6979.277317126587
1406,6822.44873357529
1407,7645.384513577407
1408,10105.555381896005
1409,8975.060845503616
1410,11582.136054101813
1411,7792.084875668819
1412,5847.387081552521
1413,7362.352795601306
1414,5786.815558464554
1415,10171.881160803796
1416,11330.10124761935
1417,10525.713924145928
1418,11463.349744437452
1419,6280.145813077828
1420,10318.978764956639
1421,4900.48931349088
1422,6713.180987001427
1423,5117.605218117688
1424,7863.407527445766
1425,6071.311603538624
1426,10302.77395248977
1427,10005.589426184892
1428,5870.862091435047
1429,11831.939053521342
1430,9986.984293574733
1431,10594.715568908952
1432,9513.674397859346
1433,9156.857129071159
1434,10318.11843171607
1435,6710.642403947765
1436,10683.51701326547
1437,8989.511340054261
1438,11673.069164256136
1439,6701.022408714674
1440,11285.631177602732
1441,10084.989958055749
1442,8162.560889318299
1443,6979.393424183075
1444,8725.532800047513
1445,6637.242735030761
1446,5777.711993246787
1447,11340.882601827876
1448,11408.593905076641
1449,5538.685435805333
1450,7660.5206369486195
1451,6243.0651889063865
1452,11273.095037654797
1453,11519.196337418702
1454,7857.203714607315
1455,5628.349095551853
1456,11355.160673679784
1457,7611.6437711091
1458,7118.549061382163
1459,10970.42950400787
1460,11841.67647549229
1461,5612.215320604722
1462,8397.6053167395
1463,11760.749332165948
1464,10474.456956622304
1465,5631.558832757851
1466,10068.040203122267
1467,10043.267324354345
1468,5921.94379738371
1469,8004.743961732627
1470,11531.71601914492
1471,10126.995573812988
1472,4766.342005193054
1473,7367.87386299701
1474,11184.826672278976
1475,10534.352373034713
1476,11266.18285631478
1477,7726.943402499216
1478,10426.793727910066
1479,10203.632604796085
1480,11575.40814304809
1481,7452.220208094895
1482,7422.461252946332
1483,6814.6290909683
1484,11789.043825943278
1485,6714.533172357817
1486,10779.310340649468
1487,11958.025779407106
1488,11650.721718621131
1489,4248.206403417074
1490,4626.060679641536
1491,5825.497262376145
1492,5350.769055913947
1493,10953.4034086677
1494,8621.55431301168
1495,6924.4311287445835
1496,8214.605763540643
1497,10635.430974698334
1498,5292.996004006934
1499,11773.916675690509
1500,9911.303359860984
1501,6063.448896611427
1502,10247.129945600394
1503,8077.25901386193
1504,10321.015747040115
1505,7031.20784990943
1506,4882.443900198309
1507,6195.035767237761
1508,10908.412981373487
1509,11704.061770003076
1510,5649.479093545917
1511,10824.90457242639
1512,7759.714231750538
1513,11112.68473097934
1514,6211.483310075368
1515,9993.105348372655
1516,7836.980826517708
1517,11943.17659826437
1518,5799.323473733625
1519,7699.714467123197
1520,5560.4073651705385
1521,12038.785331691059
1522,6404.237285153552
1523,11267.390221871317
1524,5987.9347951832215
1525,10346.374785543067
1526,7598.959733564751
1527,9532.809870488283
1528,5387.840555331766
1529,10209.383310520176
1530,5240.926375049255
1531,11583.07083615355
1532,11210.141213557645
1533,8016.699445223735
1534,10340.18551541934
1535,4828.277846131869
1536,11293.369987880104
1537,9991.189862106177
1538,7239.979110793685
1539,11755.366385962165
1540,10788.37835320804
1541,4990.012854544186
1542,11049.181190560575
1543,9246.916199541274
1544,11704.247173423664
1545,4542.719030327955
1546,5853.504198718629
1547,7067.96211155475
1548,6968.542428378718
1549,6150.509896977771
1550,10870.20685745944
1551,10319.275717114559
1552,7978.720593564822
1553,10214.570480021473
1554,11211.240218509074
1555,7439.966202677676
1556,10184.234987900407
1557,7591.325798390548
1558,10861.447751773638
1559,8682.29270852173
1560,6263.288076995994
1561,10424.835415847763
1562,5344.264059750743
1563,6519.536535066045
1564,11014.184256303452
1565,7876.815377653319
1566,11789.674380713703
1567,8657.784920321244
1568,9937.036312827426
1569,11429.574842392856
1570,8679.925162593454
1571,11342.63187392174
1572,10366.4903179946
1573,11142.268495187986
1574,5453.961932529453
1575,10527.31865708749
1576,9658.55713567007
1577,5794.09712710205
1578,11660.897928163207
1579,9843.451910889453
1580,7894.999385411962
1581,11341.004210477833
1582,6453.849012448411
1583,6280.485739633556
1584,10149.921800296013
1585,7894.157010993331
1586,10882.778163822873
1587,6443.334828775559
1588,10336.845822578052
1589,11023.887429032271
1590,11129.760316437567
1591,10233.472252345417
1592,7726.943402499216
1593,11672.53942417201
1594,5796.527991625239
1595,9962.755927433303
1596,11931.040961294428
1597,5816.051727705203
1598,11487.018533514954
1599,10813.975071463652
1600,7510.9283238261005
1601,5435.935123730566
1602,9175.257180597424
1603,5366.374049294539
1604,11534.922699397775
1605,9739.159828428525
1606,6755.286591187597
1607,9968.728927867918
1608,10590.460813197882
1609,11525.6417314887
1610,7214.207028186954
1611,5548.717866826436
1612,10441.632082960748
1613,7486.227965350629
1614,11208.65294762391
1615,6604.432847064737
1616,10267.577594576855
1617,10606.848617554517
1618,5809.80706694534
1619,7424.056043431527
1620,10475.495840425629
1621,10183.170440077176
1622,10183.063202480946
1623,6865.270829206483
1624,7100.018649854721
1625,6712.4190807293335
1626,6799.363266066671
1627,7137.647802996939
1628,7755.786935833938
1629,9377.53532668307
1630,6724.180535441764
1631,6217.379683539906
1632,11063.303520253852
1633,11948.087099627823
1634,11598.787511077293
1635,11428.802735424466
1636,7840.883842018161
1637,5133.35424074146
1638,10683.686390262008
1639,11880.590604630044
1640,11821.824246880657
1641,10713.038826292335
1642,5084.876851200828
1643,10080.86804637193
1644,11543.723781040853
1645,5616.2965656325205
1646,7659.089815890844
1647,10499.914715283612
1648,11465.841637175337
1649,11073.887394382124
1650,10996.585910103217
1651,5463.298700379288
1652,7501.696756841448
1653,6131.817305746895
1654,4322.1362920728825
1655,11213.748145495483
1656,4241.43898445312
1657,4301.913403983275
1658,10382.26313861916
1659,5856.592579730991
1660,7183.738810243334
1661,10280.954792660348
1662,11069.046761545724
1663,9875.325337257978
1664,8633.133197670308
1665,10253.02076151115
1666,7501.696756841448
1667,7695.0190940857765
1668,11842.800178696196
1669,7204.16026514152
1670,10848.238363911338
1671,9044.924862486127
1672,10369.625645904138
1673,7978.720593564822
1674,6985.7363404147
1675,10230.514757790466
1676,11222.442127047163
1677,10006.642581036072
1678,11499.99950945169
1679,8956.520243003848
1680,10760.846780456806
1681,11463.577804027627
1682,6923.687313018671
1683,8485.947429456117
1684,7267.601640177748
1685,6276.548809026679
1686,6507.440473070576
1687,11304.894939240989
1688,10505.910767697489
1689,10357.40317609852
1690,11507.406714917324
1691,6837.553521719631
1692,10052.038384434396
1693,8819.75447776553
1694,10488.227401783755
1695,10986.373776112774
1696,11813.231356398155
1697,10592.378358773827
1698,5658.863370024273
1699,7774.620140081167
1700,4701.625487467165
1701,7764.883111068287
1702,7250.436697116241
1703,5581.947181755296
1704,12020.68657258163
1705,5216.562700326405
1706,10934.123211561546
1707,10843.475615351195
1708,10046.880933057753
1709,10389.65107951986
1710,10168.694572071821
1711,11675.013813383028
1712,9925.504808150306
1713,11686.08491064119
1714,11623.584002381562
1715,7061.345267127458
1716,10214.74591676191
1717,6519.3256753635505
1718,11693.729056844444
1719,8326.745414832343
1720,10088.871630990841
1721,6796.415183187391
1722,6728.335940058632
1723,11469.829521777032
1724,10134.697779643795
1725,11317.825744007341
1726,4741.643503258741
1727,7267.601640177748
1728,10831.4975905221
1729,6322.967690116124
1730,10209.343653909262
1731,10457.769868419728
1732,10451.071110793011
1733,10361.243813991912
1734,5280.0414159862285
1735,10536.841215087581
1736,5782.395020555277
1737,5516.241043681005
1738,10844.193907034949
1739,11541.210893981457
1740,11209.00279059383
1741,7876.815377653319
1742,7128.60850327095
1743,10037.838606065005
1744,11240.276113834525
1745,6357.389796707988
1746,11973.87982195028
1747,5727.946808714976
1748,11328.930088533947
1749,11099.769323098504
1750,12018.273292570835
1751,9928.453487285287
1752,5557.335317393152
1753,5745.704681208964
1754,6818.314220376765
1755,9755.335608712547
1756,6661.791762151242
1757,10880.748528288283
1758,4858.560320198334
1759,6839.475861344873
1760,11407.35940110845
1761,11905.42432649697
1762,10044.438392089878
1763,10459.828978179281
1764,11099.141116143413
1765,11068.783222212356
1766,11377.443081979609
1767,4429.24052463829
1768,10247.721079645475
1769,11100.213036968467
1770,5721.858246700014
1771,11083.165624500474
1772,11453.74788554206
1773,10318.222598973227
1774,10349.198975450508
1775,11657.740960226092
1776,8935.335714318757
1777,11530.304569902395
1778,5973.665892883838
1779,10933.079979457383
1780,6726.998943799558
1781,10303.038407113883
1782,10496.466480746474
1783,6217.308314783017
1784,10337.68272134216
1785,10274.487260205013
1786,5532.445304072731
1787,10269.872085776444
1788,5502.17976100135
1789,6769.394633065906
1790,8329.184466156676
1791,10998.658389013919
1792,10768.419792269979
1793,11577.822922131727
1794,6547.388408329005
1795,10417.824493354596
1796,11922.507887071524
1797,10047.31889400222
1798,10597.304820435895
1799,10390.020673298086
1800,11748.724633515863
1801,11456.160599415118
1802,6588.7517951205455
1803,6108.752133552874
1804,8809.919908560285
1805,10862.114308286502
1806,10673.454261720508
1807,10809.679302187738
1808,10908.412981373487
1809,7540.966097842953
1810,7323.201746417647
1811,8055.204360537724
1812,10323.86049919735
1813,4599.3073743216555
1814,7730.507257741286
1815,5133.562678024176
1816,6243.717990186748
1817,7206.373673905092
1818,11674.884313872113
1819,8877.84400694078
1820,10704.801358704555
1821,5702.731843213473
1822,8824.6287892332
1823,11652.773149841514
1824,5912.0250486003
1825,9363.673583001766
1826,5524.143491539919
1827,10927.804649533544
1828,9967.074158874386
1829,6049.961044492063
1830,4828.277846131869
1831,11397.654961616698
1832,6151.311469121172
1833,6505.779545231253
1834,10668.375519683019
1835,5333.754824037988
1836,7459.515157394009
1837,7080.580867391266
1838,11792.363498686755
1839,10132.905462969647
1840,10150.418428282635
1841,10518.079567853943
1842,11027.56658460514
1843,11048.696650629347
1844,10724.95306294586
1845,10074.4804811078
1846,6885.0147893092035
1847,8338.945176332461
1848,11225.851388381981
1849,6661.48645287699
1850,11696.173230105474
1851,5584.864636153689
1852,9341.769027257023
1853,5959.81855170561
1854,10940.542747755126
1855,10154.803084559047
1856,10874.83334337551
1857,10391.609754411473
1858,11837.977434741377
1859,11055.811016480939
1860,7367.87386299701
1861,10259.215170404836
1862,11030.554961608312
1863,6872.01744340492
1864,7867.074136745794
1865,10883.032769625199
1866,11469.303809150062
1867,6772.36377285846
1868,10003.44863439821
1869,5902.787086071426
1870,5857.633355727007
1871,10371.14974831279
1872,10233.163415053463
1873,5825.497262376145
1874,6831.2593385452465
1875,4986.445602352771
1876,7773.038422756922
1877,5819.387356520023
1878,5501.180955114262
1879,8970.4106442047
1880,5764.712573553021
1881,11449.18650543886
1882,5415.577370194891
1883,4974.322363189715
1884,5863.752520421787
1885,10370.560430534211
1886,6645.920120967171
1887,5460.255675506418
1888,7817.288474182965
1889,11322.75077714723
1890,8681.500960071204
1891,8593.738411853294
1892,6385.141490708276
1893,7105.417019656211
1894,11386.947266676096
1895,11264.141343189542
1896,8445.75266969339
1897,10680.012267351505
1898,7504.182542547975
1899,5886.484130721629
1900,5874.221520215441
1901,10271.441608760382
1902,10031.80927678528
1903,8921.254773091716
1904,11533.42805456091
1905,11233.359808541489
1906,11243.049611787013
1907,9664.725644412603
1908,10206.011787567813
1909,7288.348367193689
1910,11537.468444692015
1911,7544.203443440828
1912,6992.35184597888
1913,5551.383081901702
1914,10483.543103400334
1915,5650.664080602751
1916,7042.4312338266545
1917,6918.719647692576
1918,10009.97783853
1919,10119.504150442337
1920,10038.75764490239
1921,11465.492354771002
1922,6137.700386816838
1923,10147.767648620049
1924,11324.480143507719
1925,11115.484494237311
1926,11102.249118826661
1927,9798.99551726181
1928,7957.402195986712
1929,9990.867920457411
1930,10072.70650960693
1931,8712.351148969996
1932,11521.916582151018
1933,10694.313711108069
1934,11692.65330497811
1935,10309.884388831251
1936,5520.048274119696
1937,11213.70215520012
1938,9703.873295149027
1939,11772.718693019091
1940,5735.603029949832
1941,6771.335926725641
1942,11970.033922843195
1943,11161.540205160158
1944,5963.478349000417
1945,6459.724903285214
1946,6209.911854175846
1947,6020.162860223984
1948,8306.137985573285
1949,10765.007181445339
1950,10920.652847534602
1951,11127.58277240578
1952,10359.329301573865
1953,10922.849893318773
1954,6266.065269649948
1955,9223.10772712907
1956,11049.656165236138
1957,10833.60954113115
1958,11323.85475554271
1959,11355.224807025825
1960,5768.352097702942
1961,11326.223798079325
1962,11213.855817383577
1963,11155.223109104878
1964,10996.585910103217
1965,11322.616482369025
1966,6986.906008339554
1967,10345.605211505635
1968,7052.008211338199
1969,5735.7410536073485
1970,10713.808989775505
1971,6119.311625906804
1972,11200.039450289409
1973,6054.218148324499
1974,6598.871254895301
1975,7066.453409337217
1976,11716.755431142828
1977,11617.133151321303
1978,5310.034343757369
1979,5192.851753437106
1980,4859.940217539438
1981,11592.600836403211
1982,10733.830287845998
1983,10185.162718335541
1984,7794.855134842134
1985,11973.022498575363
1986,10381.039393293971
1987,11138.200673168609
1988,11740.902222062072
1989,10303.019892676104
1990,6030.451990407152
1991,10044.078719523524
1992,7305.601302459784
1993,5886.477398156203
1994,4643.90135431765
1995,6646.834840782072
1996,10162.149035480521
1997,8963.47606483139
1998,11609.42639454852
1999,10203.578150298603
2000,11562.524391055807
2001,9094.577209853665
2002,10460.152535187417
2003,9312.018149040765
2004,10121.51344241189
2005,9814.553264891538
2006,5647.135959070063
2007,9854.656002904747
2008,10924.228917518662
2009,11711.580497136621
2010,11931.955555265356
2011,11571.004036176588
2012,11994.98322720274
2013,9948.75402178054
2014,10916.204045881906
2015,11180.447253400202
2016,11828.080207379877
2017,5146.041454340604
2018,11129.694932853556
2019,10348.89778792225
2020,9200.843275840023
2021,10183.173053249826
2022,5391.980322114507
2023,8256.959167437328
2024,10706.649906334951
2025,6867.123065868452
2026,6969.286673784859
2027,10604.487743622703
2028,11296.061535313323
2029,4676.9777812914235
2030,10634.49642734665
2031,10043.656267395814
2032,6956.542886384836
2033,5111.652982626239
2034,11205.981541612226
2035,7214.984580310264
2036,10615.00572299386
2037,6827.710265992887
2038,10886.777007187702
2039,7909.874750036695
2040,11442.922545383319
2041,10365.13403656595
2042,10137.193289943812
2043,9248.490558884552
2044,10915.14843746216
2045,7565.301387436279
2046,7961.9459477428745
2047,11845.948752241127
2048,5161.00799696072
2049,6595.862209905151
2050,10719.985409671961
2051,11694.099799915952
2052,11400.982366222968
2053,11467.71684600367
2054,8613.3500748993
2055,10766.02241218535
2056,7679.792869270317
2057,9831.80017408525
2058,8901.473609866258
2059,10070.191276160891
2060,11528.189699861156
2061,10387.73344556382
2062,10453.058335737725
2063,5566.846347701367
2064,12012.179566807494
2065,10498.678638298137
2066,7705.07813031135
2067,8645.391124589032
2068,10197.72559233434
2069,10114.023527199963
2070,5611.331221710453
2071,8754.166662342239
2072,8400.987055560956
2073,7254.852545239514
2074,7109.311210190379
2075,10607.595206474409
2076,11255.432116993272
2077,10068.937282503715
2078,10161.182126807067
2079,10414.228971626086
2080,11441.168818239525
2081,10138.889008367827
2082,11255.176122196037
2083,5783.613629265703
2084,10517.367372807823
2085,11907.047306722761
2086,6025.264383634223
2087,5736.099799550272
2088,11103.292576322034
2089,10207.182988898363
2090,8801.191292655825
2091,11428.205568122647
2092,11780.58826074783
2093,7317.187983880599
2094,5430.22451740153
2095,11436.09917099816
2096,5921.7353601009945
2097,4996.666279491859
2098,10107.461454053348
2099,11301.825598444788
2100,8770.743133948694
2101,10020.063782733341
2102,5773.022335316963
2103,10621.821154869274
2104,9806.273317615465
2105,5193.566810170205
2106,11342.494233501471
2107,11593.0408073053
2108,6479.1809223106775
2109,5454.985763694205
2110,8765.081457173656
2111,11504.317080153323
2112,10721.439395817764
2113,6901.266710809754
2114,11636.36474291939
2115,11487.695951376758
2116,8591.819343821691
2117,8177.7519446150545
2118,5261.556855193857
2119,9973.290773659039
2120,10360.773780501135
2121,10351.14510772365
2122,10802.931397739681
2123,10701.284331713588
2124,7416.005971955397
2125,6756.7425955009985
2126,6159.048527022601
2127,10603.549916518208
2128,11171.714256675607
2129,11676.126104337982
2130,5814.025775339239
2131,9891.77647666755
2132,11738.95797904004
2133,5928.705921805902
2134,8799.818724143031
2135,11216.340627971422
2136,10157.052953772562
2137,10230.293586075833
2138,11877.080366158723
2139,4672.361309004364
2140,8162.291617606776
2141,7494.3998668928025
2142,10122.359476964488
2143,11509.219718470156
2144,5495.399399417891
2145,7374.828658615829
2146,5184.190812969925
2147,12167.675411532342
2148,6140.035352365182
2149,11455.33015736995
2150,5720.6703478605
2151,6319.4473500554805
2152,11456.997773091225
2153,7092.677734359032
2154,11889.462139814468
2155,11168.136887267756
2156,11449.282003260187
2157,6309.461097130127
2158,11708.614242548476
2159,10003.164586341134
2160,10692.241857496763
2161,10371.321342921903
2162,4874.709743948002
2163,9747.816196684053
2164,10503.182533235773
2165,6285.589952292605
2166,5031.276876251122
2167,11745.757789555835
2168,7508.057440217765
2169,7728.078466469153
2170,11718.45661306377
2171,10571.58686492308
2172,10418.628698118113
2173,10470.039011354665
2174,10499.2166993503
2175,10513.76199715231
2176,11914.45963170175
2177,10065.562959119268
2178,11609.447901895985
2179,6739.459190197676
2180,5340.219412766343
2181,7123.7425558766245
2182,4880.153462962545
2183,11745.159129896667
2184,10677.917288226812
2185,11578.604907745044
2186,8762.42119675105
2187,10555.134520781503
2188,10375.011445971406
2189,11655.762918318353
2190,7067.187141208001
2191,5279.15059636239
2192,11304.393567117739
2193,5249.2802246877245
2194,11593.08163495653
2195,7447.905672822871
2196,8704.599446854972
2197,11704.12842231731
2198,6924.779071825142
2199,6174.588208118567
2200,10551.266392984098
2201,9802.944405487226
2202,7540.180199349361
2203,7897.227986388763
2204,7131.289151824309
2205,11257.912074395068
2206,10253.38630314307
2207,4671.874556146884
2208,10777.314452109746
2209,9348.40414505207
2210,10492.956053343747
2211,10279.32805591577
2212,7766.19068888293
2213,6236.0385463792345
2214,4509.161887118511
2215,6428.427527095719
2216,5347.57343722574
2217,10900.036927142057
2218,11546.632382256286
2219,10467.177145538635
2220,12056.495532175675
2221,10497.37057647508
2222,11389.706322993396
2223,8957.826942008258
2224,5743.014264162645
2225,11643.898485823873
2226,5650.195994443488
2227,11967.124096873278
2228,11379.403447292214
2229,5348.967608826613
2230,11510.99936975017
2231,5718.880695637854
2232,11625.541721677324
2233,11266.905774173372
2234,10659.376026686628
2235,11536.25330185249
2236,5960.364532249501
2237,10371.199067600714
2238,10773.413785587732
2239,5631.534991746923
2240,11407.720235262048
2241,9745.506218606111
2242,11754.036496383076
2243,8411.20950056479
2244,11506.276427075261
2245,6670.301709762951
2246,11190.41636924361
2247,10942.962048765126
2248,5280.879608182674
2249,11456.73626254523
2250,4469.73030757521
2251,9511.276523231332
2252,6753.503968916488
2253,11776.653323862416
2254,10260.73190457074
2255,11082.652350204318
2256,11733.89735924563
2257,6611.98378309395
2258,7060.136032410635
2259,10375.011445971406
2260,8462.134014819629
2261,8186.4476529886615
2262,11037.223058409763
2263,11352.076875801531
2264,5959.875756232641
2265,9015.963194394228
2266,10958.308560807118
2267,7514.8725785056195
2268,11931.079726417203
2269,4862.221012108702
2270,5583.074983931043
2271,5180.764032764196
2272,7267.601640177748
2273,11630.438287725083
2274,8758.925107262497
2275,5788.785811438042
2276,11206.67957732815
2277,8876.03283397619
2278,5301.958897959399
2279,11224.540417684213
2280,10717.111191534023
2281,10162.818242115463
2282,9870.418337044499
2283,10145.365238265416
2284,4336.673474296842
2285,6759.822310868908
2286,12180.040617914407
2287,5675.423599630913
2288,9156.857129071159
2289,10163.819817242744
2290,8639.006672134288
2291,11302.718676332293
2292,11699.566264137446
2293,8576.002576491675
2294,11010.639055082323
2295,11028.303730936543
2296,10584.179697965148
2297,7454.542493740161
2298,11152.366115406354
2299,10582.994654624108
2300,5439.236126793716
2301,8157.440918991939
2302,10200.44761694043
2303,12274.249486934781
2304,4474.474847537793
2305,10262.459789343415
2306,5172.380452985909
2307,10360.356445831847
2308,7243.432888461248
2309,10517.60262607289
2310,10129.246981937931
2311,5839.7179577674415
2312,5137.828106207296
2313,11968.341366215422
2314,10370.811122765865
2315,9970.76143207051
2316,11951.26244040209
2317,11390.510576949011
2318,11845.044761269099
2319,10304.28881716389
2320,9836.581067745512
2321,10720.835678453348
2322,10759.520277256455
2323,5782.808294378994
2324,10079.557332909804
2325,10177.013383264304
2326,4871.132536233716
2327,5802.617908644885
2328,4846.4451470114755
2329,6937.592560138988
2330,10156.128149091597
2331,7266.990415134146
2332,5660.551615740366
2333,11181.680400879639
2334,6220.721272604242
2335,7355.371308244599
2336,4869.529537838774
2337,10439.606090089674
2338,11047.869106800352
2339,10588.174289334613
2340,4927.690374674718
2341,4738.991532347098
2342,9988.951815957525
2343,10188.889133373392
2344,9954.617145117409
2345,10802.650032599176
2346,8068.417111084843
2347,11213.649889356337
2348,5926.501725711898
2349,11642.781668962567
2350,5502.735603730139
2351,11197.454732655337
2352,6792.852465772516
2353,5111.979345610915
2354,6834.675759367961
2355,11311.113331573106
2356,9244.129312227466
2357,7546.454022247929
2358,5189.667205097934
2359,9791.41251369096
2360,10389.917758890471
2361,10104.605685148239
2362,5638.046882029746
2363,11310.84116819917
2364,11875.225089908785
2365,11515.195637627576
2366,6227.302983523471
2367,7412.398376005864
2368,10506.18950846006
2369,7856.592489563712
2370,7084.469932556895
2371,4937.788401072983
2372,5980.123863384751
2373,7726.943402499216
2374,8752.313562968211
2375,6136.704610720457
2376,10210.657910835256
2377,10490.324512090461
2378,9931.86744762255
2379,5568.8846723935185
2380,6617.202511559048
2381,8007.66744882555
2382,10751.89979904144
2383,9689.241614317996
2384,11249.924829235539
2385,10916.034596779986
2386,11286.186899056951
2387,11786.767766510828
2388,5487.032146378034
2389,10357.905609431768
2390,5940.453292399206
2391,10027.895342000866
2392,6003.25511943368
2393,8944.020902061862
2394,9952.754143167216
2395,11604.754734026323
2396,11381.482672327
2397,10438.460184194528
2398,9702.800154917397
2399,7856.592489563712
2400,11453.890424524856
2401,6081.496060564347
2402,9114.188872899671
2403,9748.710581522777
2404,11324.830355827544
2405,10722.412776708486
2406,8379.623258548914
2407,7379.2169857754725
2408,7000.529890691697
2409,8883.447348962567
2410,10627.23661324788
2411,5764.641327633364
2412,9850.361873636317
2413,10051.222998313073
2414,10275.973584852185
2415,7118.097632463286
2416,5848.458524408084
2417,10480.303052237608
2418,5443.468866635048
2419,7170.491226798804
2420,4801.098024197299
2421,11301.11960834327
2422,11547.085483240673
2423,10718.474531294532
2424,11415.712535539426
2425,10076.407099615235
2426,12000.640895667257
2427,5287.567698916736
2428,4329.906055332887
2429,6947.40059857751
2430,10162.193999176809
2431,11157.25237818599
2432,10288.787566780862
2433,7804.459485787652
2434,11077.191664894692
2435,11500.086152175763
2436,10255.240149147672
2437,5632.856630685528
2438,11602.754970233389
2439,10480.303052237608
2440,10793.635419408722
2441,11482.355695101258
2442,11060.754198196497
2443,10135.44568266837
2444,8001.4123191955205
2445,7867.074136745794
2446,11658.976456721804
2447,5740.915291976537
2448,11728.957657707215
2449,10286.891266346513
2450,10814.012786105444
2451,10448.077705552627
2452,10864.780519879589
2453,11266.35000834091
2454,11297.130062434077
2455,10653.972726516366
2456,5698.712709220184
2457,10400.588647853405
2458,6904.285475388593
2459,5074.017636887217
2460,10184.259829339804
2461,11527.233158517687
2462,6762.520517131716
2463,9800.113375376794
2464,10213.329025488645
2465,8990.597108734042
2466,6193.878273512923
2467,8588.118397028102
2468,11499.84416667872
2469,5596.521000720158
2470,5375.709066833267
2471,10253.926404699989
2472,9794.007858744379
2473,10043.81300412487
2474,6525.54170427822
2475,6277.468389554406
2476,5393.3358603056995
2477,5664.101241563804
2478,11658.916031965093
2479,9696.348873193823
2480,5424.304821805046
2481,5690.749672840819
2482,10480.16540782182
2483,9166.857678595574
2484,10242.962592717635
2485,11359.68929016336
2486,7452.511897313507
2487,11220.029416778252
2488,7276.453598688725
2489,11665.759539797738
2490,4625.864341664215
2491,7042.795208801537
2492,10425.096637370747
2493,5061.4508558388
2494,6764.792652544279
2495,11203.352164723414
2496,6739.459190197676
2497,7509.469949915146
2498,5522.366145487585
2499,5095.261301815544
2500,12081.036648290776
2501,10251.517655301053
2502,9510.952856064134
2503,11503.60224805261
2504,10149.97995691217
2505,10113.160513544291
2506,10801.424669817858
2507,9697.450445462347
2508,10505.322410418079
2509,7271.319256304305
2510,11225.195358132401
2511,5326.439427656892
2512,11267.453057223767
2513,11068.783222212356
2514,10924.034564675725
2515,11879.149193634361
2516,7673.4435734634735
2517,10218.934243634661
2518,10679.522027498359
2519,11150.340034580786
2520,6447.250646892263
2521,6976.781387844638
2522,4416.338359962372
2523,7100.018649854721
2524,7457.98368841226
2525,5705.602892412832
2526,11357.436579900093
2527,6413.991173449506
2528,5705.602892412832
2529,11128.11213480884
2530,10719.985409671961
2531,4626.654888383229
2532,10177.329385935634
2533,5673.362222576036
2534,7004.577659986682
2535,9804.843829803365
2536,11362.243536967744
2537,11532.802903172987
2538,11194.199027970828
2539,11404.534994658228
2540,7927.615104291886
2541,8702.966474060751
2542,10466.225085440137
2543,11621.086947720125
2544,6859.699750157846
2545,7135.889584328778
2546,5160.541144674588
2547,6054.659890710403
2548,10561.90979084039
2549,10594.003823100065
2550,11791.17534555621
2551,10025.959158571877
2552,10083.60744908112
2553,10262.459789343415
2554,10263.943750078837
2555,10338.51302955004
2556,10523.420827583832
2557,5268.007945407334
2558,7421.775394361228
2559,5467.681478152272
2560,10461.353080587935
2561,11703.583039798354
2562,10187.506513972417
2563,6687.23281788473
2564,7678.462815296197
2565,5866.150328542882
2566,11542.78908212569
2567,11065.794845209186
2568,10748.757043991804
2569,5549.579811149976
2570,10158.58964433113
2571,11166.284466351392
2572,10582.687242152855
2573,5516.241043681005
2574,9732.151061528331
2575,6093.247080879505
2576,9906.866605872976
2577,6916.105515772015
2578,10456.8184102917
2579,4935.113455415524
2580,9274.32854881565
2581,9196.318642270699
2582,6433.430894366055
2583,7799.736906351369
2584,8930.848712532805
2585,8848.703242607586
2586,9785.603393309832
2587,10547.262713907243
2588,6222.125119830741
2589,6431.0694641862765
2590,11906.095246624263
2591,10443.059914249829
2592,11685.484355290611
2593,11252.86172748326
2594,5419.397782362045
2595,5950.6025055439195
2596,9847.168457119666
2597,6189.964968184841
2598,8382.90266881387
2599,11441.868273033357
2600,11455.482720164498
2601,11497.235474918845
2602,10902.119517217629
2603,7161.643832024051
2604,5809.006767941667
2605,11473.375380079819
2606,10708.88186717698
2607,10294.386102180211
2608,11334.157045592166
2609,5883.975408511395
2610,10825.110393234056
2611,11014.184256303452
2612,6224.118435184299
2613,5444.035916726823
2614,4340.773453758522
2615,10471.208013451462
2616,12004.122626497849
2617,11224.540417684213
2618,5405.124521786818
2619,11513.451786194595
2620,10185.717214407974
2621,6074.845603504011
2622,11249.197146848277
2623,6118.244402760309
2624,10927.804649533544
2625,4893.982058723649
2626,7075.228781514462
2627,5026.255471952752
2628,11287.129200272457
2629,11146.100362150913
2630,4642.863280897782
2631,7186.3659528555745
2632,6873.358182505522
2633,6152.301779758754
2634,10868.568431875725
2635,6010.126398419968
2636,4895.020132143517
2637,6691.409919014286
2638,6300.676755788903
2639,10231.12497675564
2640,10276.666965686181
2641,5385.787602681516
2642,10056.152125876193
2643,6905.313321521412
2644,6673.725915794356
2645,7282.061678897512
2646,10023.590116035262
2647,6800.2492501121915
2648,6504.850826491475
2649,6626.781087962513
2650,8826.448172780174
2651,11297.475613655462
2652,11450.164633577111
2653,11638.005651295975
2654,5301.744936030623
2655,10270.658316940355
2656,10557.717332889766
2657,5773.484923313451
2658,5954.685264531009
2659,11307.926651239475
2660,10404.966354843053
2661,8620.373234993145
2662,11215.000293063049
2663,10210.054690173996
2664,7500.074230445706
2665,11018.510340583985
2666,10539.068400563281
2667,7677.524185045917
2668,10397.189692388292
2669,7283.023651397797
2670,11392.734966561131
2671,10997.69154050805
2672,10417.24738093284
2673,9978.012249917267
2674,6049.5898498972965
2675,7213.719935478702
2676,8725.510246302056
2677,6741.485715596137
2678,7110.301493981918
2679,7309.296499297331
2680,10919.17074050075
2681,7728.078466469153
2682,8886.022755066433
2683,5050.696279032728
2684,10308.484091560586
2685,7882.024585262653
2686,7544.388321494496
2687,8443.447339910843
2688,11425.679642995041
2689,10709.591506307333
2690,6623.171344557828
2691,9231.361215501107
2692,6222.174275487067
2693,6300.708627723163
2694,6959.391552159457
2695,10609.447255737507
2696,7076.986755207696
2697,10086.563943516294
2698,5280.940248585038
2699,10171.571452856975
2700,6258.996049927546
2701,11731.868145823
2702,11193.420501197743
2703,6632.403402986789
2704,10200.17858921348
2705,11571.126870201544
2706,6478.132998636159
2707,5308.6861748510355
2708,10646.902797943263
2709,9790.343504979863
2710,11443.03474752526
2711,5388.607537331255
2712,11217.621571261321
2713,11096.580297486247
2714,5886.925464729228
2715,11520.956045248626
2716,11208.741239833696
2717,11571.378294974551
2718,10929.98022663026
2719,10300.329411378245
2720,6086.31940812393
2721,7322.944740119888
2722,6164.432050675267
2723,5198.417426465495
2724,12138.410899999877
2725,10028.5754450815
2726,8632.737868597687
2727,9917.673076823055
2728,11682.146722209702
2729,11392.837481352868
2730,8407.164358810645
2731,9119.48176605645
2732,5425.373771493423
2733,11181.25438129677
2734,4749.696404984616
2735,10338.847529741957
2736,7815.0780229317415
2737,8404.433750844659
2738,7361.45031822985
2739,5122.251314059583
2740,5796.319554342524
2741,11383.433169640179
2742,10829.012348348377
2743,11472.447667561759
2744,11686.580347601837
2745,11375.296342552063
2746,10542.99024001526
2747,7374.87527290273
2748,11768.68596392567
2749,11446.546735507214
2750,7248.747353860232
2751,7514.8725785056195
2752,5853.998632125834
2753,6774.616191166921
2754,8570.631917614766
2755,8458.252274926203
2756,7547.728466483792
2757,10599.05245875729
2758,9845.00336113293
2759,10352.149100502782
2760,11292.730094332088
2761,10486.015443162461
2762,10171.571452856975
2763,6030.414767451703
2764,11503.702027989764
2765,5623.102742389574
2766,10484.126607313694
2767,6444.750810113055
2768,7434.539791738329
2769,7773.038422756922
2770,7707.331739453212
2771,5834.0150998583085
2772,11839.871551177244
2773,7326.954537484219
2774,11967.124096873278
2775,11666.594864144836
2776,6082.167865970361
2777,11773.729367845937
2778,11485.45421164968
2779,5348.967608826613
2780,10656.587509187211
2781,5954.516855652155
2782,10743.530477658325
2783,9702.800154917397
2784,7617.940622783826
2785,11424.654135865972
2786,8724.876334091645
2787,5817.374041465297
2788,10438.924149993452
2789,6175.358291984026
2790,10448.459143826283
2791,4903.231761890308
2792,7605.940896705886
2793,10300.789810495282
2794,5841.408604119643
2795,6401.96461478515
2796,6946.186318006116
2797,6555.740940866406
2798,10192.385347141144
2799,5760.30928939155
2800,10387.615115877019
2801,7526.186748915803
2802,7355.322904233888
2803,11500.520547521855
2804,10007.317203483519
2805,12041.319770945443
2806,5081.376174316116
2807,5853.998632125834
2808,10194.75195554721
2809,8792.636133893426
2810,10843.553385794577
2811,7618.256126261198
2812,10548.943728412401
2813,10659.376026686628
2814,9518.306582310272
2815,6678.724212763774
2816,9679.732419153068
2817,9221.242319780562
2818,7965.282448533088
2819,5441.535066072533
2820,9631.755817166899
2821,5283.290363145131
2822,10223.88722310054
2823,11623.631386836054
2824,4680.918216389176
2825,11078.715679474244
2826,9049.841374838954
2827,7161.71803393897
2828,10195.953917744182
2829,11930.178650125808
2830,11328.159981508314
2831,8708.058524587059
2832,11330.10124761935
2833,10738.688258238673
2834,7835.2226828540615
2835,10125.679967348466
2836,9843.066905311034
2837,5745.056267458668
2838,10498.215983783963
2839,5584.8039957513265
2840,7399.236083500616
2841,11195.652151793796
2842,5378.354494281066
2843,11415.092379809834
2844,7384.292013382906
2845,7975.761891481281
2846,11418.307975282383
2847,11485.026424464482
2848,5930.973259008397
2849,11699.26292069233
2850,5648.957106979101
2851,11606.45234006453
2852,10813.573372791428
2853,11424.107179570176
2854,9775.732545417293
2855,10116.69300394764
2856,11882.815339818046
2857,11431.317305524231
2858,11294.489753823109
2859,10478.63916188165
2860,7333.897360771578
2861,8123.8054723007335
2862,4605.837791551929
2863,9595.403991923687
2864,10490.347156349435
2865,10177.40462367746
2866,7419.590369337996
2867,5567.3099088509525
2868,6876.825891200123
2869,8394.374215017848
2870,11217.113010277477
2871,8329.184466156676
2872,8710.500216965233
2873,7679.403570910881
2874,8676.848989595472
2875,5471.901684594727
2876,6003.184726367406
2877,6240.523519083822
2878,8375.368925909386
2879,8688.617515044358
2880,5683.401251503051
2881,11739.115054994158
2882,10484.23622749946
2883,10001.321776285295
2884,8982.794574118525
2885,5481.820011348195
2886,9912.27662614471
2887,7092.418096778155
2888,9670.656449828912
2889,10475.23044021348
2890,8303.329001703023
2891,7857.203714607315
2892,6420.550686293829
2893,11049.65530605164
2894,7282.898140962931
2895,11097.383535817593
2896,11769.249473528103
2897,10099.720005438989
2898,7313.085435391851
2899,10240.268200680915
2900,4241.43898445312
2901,6917.126058600428
2902,10667.095062774948
2903,10320.507765263588
2904,5269.231103643965
2905,11376.72451446755
2906,10522.767351925653
2907,11492.851857531086
2908,11616.909906863246
2909,11503.961623254205
2910,11242.797678851144
2911,11475.562798814111
2912,11606.038095009444
2913,5644.332873168102
2914,11315.119428005895
2915,7881.503755001985
2916,10706.625395717365
2917,11137.352872529787
2918,10232.612346361637
2919,10803.474836311361
2920,10451.278589058038
2921,9632.95412105811
2922,9006.652703469814
2923,5767.359821506871
2924,11778.789748165806
2925,11438.428746311598
2926,4914.204946813256
2927,10855.696602569806
2928,6794.548850100362
2929,6588.67306170875
2930,5541.566997556388
2931,9672.045852689082
2932,8522.285782214523
2933,10605.375075579355
2934,11480.463211040305
2935,11678.315087926863
2936,8878.918179749962
2937,6375.235991107276
2938,10243.93586189573
2939,5650.778451166884
2940,8861.922083808424
2941,6805.434501699331
2942,9181.212940084897
2943,11867.97818073763
2944,10367.86730000373
2945,5096.499945063449
2946,11960.836590110406
2947,11636.763568254531
2948,6807.471764533085
2949,7781.914920269708
2950,11572.64693969609
2951,8279.480900645136
2952,5816.215608709614
2953,10634.49642734665
2954,9084.727909224546
2955,5747.136933417264
2956,11237.485064358269
2957,6003.0466821509635
2958,5330.080266831702
2959,9912.635484401999
2960,10716.218564357085
2961,4625.864341664215
2962,6621.39058607007
2963,10244.560048056986
2964,5492.064621606827
2965,5173.372601936915
2966,6087.583277798544
2967,10632.154570490628
2968,11510.063122329946
2969,11171.28129576932
2970,10226.046083678886
2971,10351.103923039427
2972,4909.460406850675
2973,11560.631330588763
2974,6008.041148569312
2975,5987.542555106024
2976,9242.30951869344
2977,8533.397896902912
2978,4667.551557111816
2979,5342.057803336559
2980,11454.918148462419
2981,11365.307868689199
2982,7514.8725785056195
2983,5984.353900629941
2984,7249.415992935933
2985,8513.959812639558
2986,5104.384682557336
2987,9875.325337257978
2988,5921.7875103547985
2989,11503.274199591946
2990,7133.1701157242205
2991,6757.81920874526
2992,10030.816480763988
2993,11796.403509761238
2994,10734.690870391521
2995,5945.461825780739
2996,7101.144299366997
2997,10281.709296542302
2998,6704.906496572854
2999,9656.89988842938
3000,10190.459034940222
3001,5225.441141015582
3002,7612.667364881123
3003,10212.78494139822
3004,6462.972914591253
3005,7003.585863811159
3006,7744.6602229786795
3007,5600.271243950053
3008,5529.598950769785
3009,10829.827580294448
3010,7622.814833425529
3011,11656.138775807047
3012,11282.24618367248
3013,10441.867268687933
3014,5755.963941696956
3015,7105.211320271496
3016,11777.46393861581
3017,7501.957428939586
3018,9745.366959309147
3019,6438.846306194238
3020,5492.124572684334
3021,6108.31959754971
3022,9888.82961478451
3023,10299.168460066396
3024,10077.418886837293
3025,9545.313604754672
3026,10414.76684722582
3027,11076.875771385296
3028,8360.257554943397
3029,7246.26743711252
3030,11055.855079755971
3031,6404.649322064784
3032,9870.136165110882
3033,5356.098740340132
3034,10547.383529102059
3035,5909.029435024174
3036,10993.311641293381
3037,8613.917954002209
3038,5759.007620594101
3039,5911.230819264712
3040,11158.390068376782
3041,9839.044883188903
3042,6853.501799730654
3043,8431.553791331757
3044,11291.994351953912
3045,10393.464417336996
3046,11375.878195107998
3047,11808.413880155094
3048,10048.118230090473
3049,10598.755393659307
3050,6583.495051575071
3051,11119.783723892764
3052,11006.33056952186
3053,11458.854283838578
3054,10459.176801439025
3055,10234.376348074024
3056,6980.356158258416
3057,7660.2042765932965
3058,10373.00072156711
3059,6108.690350558166
3060,6175.358291984026
3061,5552.6681921623385
3062,10532.133170395886
3063,7252.860448308845
3064,8399.598346880206
3065,11512.736104228834
3066,5391.920371036999
3067,6667.078740913629
3068,11855.421102476848
3069,8121.25790412749
3070,6699.809049662892
3071,8708.636309582413
3072,10452.941751321392
3073,11495.193085630697
3074,11232.749188246147
3075,10756.479553225705
3076,5677.0718378446845
3077,6944.037206544744
3078,11515.169176346113
3079,10292.049105756209
3080,9900.88716235166
3081,11656.465219739654
3082,5455.566234161647
3083,5101.200134218166
3084,10048.726219064043
3085,10648.763856637015
3086,11295.888305958259
3087,5512.186208289261
3088,11086.742894651758
3089,8258.094231407264
3090,7170.4010691326675
3091,11115.789118172726
3092,7514.8725785056195
3093,10740.52295822597
3094,7163.004284792992
3095,4710.639435304664
3096,11244.094028708296
3097,11541.501617465025
3098,9917.667558024932
3099,7024.676075167307
3100,6165.8996197079805
3101,5913.455295971254
3102,6879.8188398294715
3103,10435.990358747626
3104,9842.754655983968
3105,6221.020322071345
3106,10218.705762391004
3107,6017.160366553996
3108,10488.052446523847
3109,6873.358182505522
3110,5209.823348594028
3111,10585.372744226868
3112,4791.884662967907
3113,10163.754262227863
3114,6753.503968916488
3115,5530.867455335225
3116,4999.699450509693
3117,10077.631352653581
3118,10364.27929137016
3119,11952.489174078579
3120,11493.493597929868
3121,10950.698201246752
3122,6730.439675301539
3123,7595.0711422216145
3124,8039.488435312983
3125,6676.555824938746
3126,11397.654961616698
3127,11702.944241233065
3128,10503.017214605648
3129,9979.413082339977
3130,9757.1040611754
3131,8208.112432532736
3132,8032.195295614018
3133,8010.312451531017
3134,9846.066501269745
3135,6985.129331557987
3136,9937.416902767161
3137,11097.383535817593
3138,10288.787566780862
3139,7446.000020369864
3140,5783.897388222761
3141,10393.17446265824
3142,10124.034541144802
3143,10158.96933351487
3144,9922.52553994595
3145,11567.53762795095
3146,5871.922080042329
3147,10270.558126473577
3148,11305.762382138431
3149,8254.207452790444
3150,11128.203044975295
3151,6791.940335243545
3152,11003.924546973129
3153,5508.81627750995
3154,6032.762752435007
3155,10663.4635021724
3156,5444.245309235931
